radius = 10;
cx = 256;
cy = 256;
